[gd_scene load_steps=34 format=3 uid="uid://dxqr7fq0h0h7g"]

[ext_resource type="PackedScene" uid="uid://bsqxggue2t43a" path="res://Assets/hexagon-kit/GLB format/grass.glb" id="6_04ji4"]
[ext_resource type="PackedScene" uid="uid://dg7f53lty17rw" path="res://Assets/hexagon-kit/GLB format/path-crossing.glb" id="7_24wwu"]
[ext_resource type="PackedScene" uid="uid://c5j7xbefu3lkl" path="res://grass_forest.tscn" id="7_658gi"]
[ext_resource type="PackedScene" uid="uid://ctacuj2cne0qu" path="res://Assets/hexagon-kit/GLB format/path-corner-sharp.glb" id="8_04ji4"]
[ext_resource type="PackedScene" uid="uid://cn0387kwti2ig" path="res://Assets/hexagon-kit/GLB format/stone.glb" id="9_7j7qi"]
[ext_resource type="PackedScene" uid="uid://dos5qfk0tra3i" path="res://Assets/hexagon-kit/GLB format/path-straight.glb" id="10_3rovh"]
[ext_resource type="PackedScene" uid="uid://crrqgk6o6v7gl" path="res://wall_unit.tscn" id="11_04ji4"]
[ext_resource type="PackedScene" uid="uid://b5ccqp0qihcqr" path="res://Assets/hexagon-kit/GLB format/dirt.glb" id="16_ec82s"]
[ext_resource type="PackedScene" uid="uid://crst2drhsy2pm" path="res://Assets/hexagon-kit/GLB format/path-square.glb" id="18_4v0d0"]
[ext_resource type="PackedScene" uid="uid://bcm3lwiid7m4g" path="res://Assets/hexagon-kit/GLB format/sand.glb" id="21_42fah"]
[ext_resource type="PackedScene" uid="uid://chtf62rxycyk5" path="res://Assets/hexagon-kit/GLB format/river-start.glb" id="22_polkm"]
[ext_resource type="PackedScene" uid="uid://dyty1lepbriyh" path="res://Assets/hexagon-kit/GLB format/river-straight.glb" id="23_cl30i"]
[ext_resource type="PackedScene" uid="uid://csjy6opwe3wo1" path="res://Assets/hexagon-kit/GLB format/river-intersectionC.glb" id="25_74wjb"]
[ext_resource type="PackedScene" uid="uid://brypor4a2kox3" path="res://Assets/hexagon-kit/GLB format/river-corner.glb" id="27_jihd0"]
[ext_resource type="PackedScene" uid="uid://cawkb8uponbcm" path="res://Assets/hexagon-kit/GLB format/water.glb" id="29_e5bkv"]
[ext_resource type="PackedScene" uid="uid://c3opixymw5i3n" path="res://Assets/hexagon-kit/GLB format/river-corner-sharp.glb" id="30_dy08q"]
[ext_resource type="PackedScene" uid="uid://c16rijlx3yinf" path="res://big_ship.tscn" id="31_74wjb"]
[ext_resource type="PackedScene" uid="uid://cdd2palqjo8db" path="res://bia.tscn" id="32_e47it"]
[ext_resource type="PackedScene" uid="uid://dwwrucgdsyd7e" path="res://island.tscn" id="32_jihd0"]
[ext_resource type="PackedScene" uid="uid://cww7oqy5jkykb" path="res://grass_2.tscn" id="33_74wjb"]
[ext_resource type="PackedScene" uid="uid://dx3i3a408jqxb" path="res://castle.tscn" id="33_dy08q"]
[ext_resource type="PackedScene" uid="uid://bbllmlkvcnvki" path="res://ship.tscn" id="33_e5bkv"]
[ext_resource type="PackedScene" uid="uid://yddinykg42cc" path="res://grass_hill1.tscn" id="33_e47it"]
[ext_resource type="PackedScene" uid="uid://db428jagj52qu" path="res://sand_rock.tscn" id="33_jihd0"]
[ext_resource type="PackedScene" uid="uid://0ccfh22v8cl2" path="res://bridge.tscn" id="33_x5xv4"]
[ext_resource type="PackedScene" uid="uid://dqyvg76x1qm01" path="res://sand_desert.tscn" id="34_e5bkv"]
[ext_resource type="PackedScene" uid="uid://7pj1ilur1nrs" path="res://tree.tscn" id="34_e47it"]
[ext_resource type="PackedScene" uid="uid://mmckgnjbs32f" path="res://house.tscn" id="34_jihd0"]
[ext_resource type="PackedScene" uid="uid://c0385sl3mhxbg" path="res://fail.tscn" id="34_x5xv4"]
[ext_resource type="PackedScene" uid="uid://iwi8qsjuo7tp" path="res://grass_hill.tscn" id="35_jihd0"]
[ext_resource type="PackedScene" uid="uid://c0ivddip28e8d" path="res://stone_mountain.tscn" id="35_x5xv4"]
[ext_resource type="PackedScene" uid="uid://dgqmrbqkswp4y" path="res://stone_rock.tscn" id="36_x5xv4"]
[ext_resource type="PackedScene" uid="uid://u0qj3hgxd7sx" path="res://stone_hill.tscn" id="37_e5bkv"]

[node name="Floor" type="Node3D"]

[node name="MeshInstance3D" type="MeshInstance3D" parent="."]

[node name="grass2" parent="." instance=ExtResource("6_04ji4")]
transform = Transform3D(1, 0, 0, 0, 1, 0, 0, 0, 1, 0.019445091, 0, -0.0056675673)

[node name="path-crossing2" parent="grass2" instance=ExtResource("7_24wwu")]
transform = Transform3D(0.9192383, 0, 0, 0, 2.3001344, 0, 0, 0, 0.96836424, -0.03120248, 0.14409837, -0.008682042)

[node name="WallUnit" parent="." instance=ExtResource("11_04ji4")]
transform = Transform3D(0.50789917, 0, 0.8614165, 0, 1, 0, -0.8614165, 0, 0.50789917, 0.7633547, 0, -1.2942165)

[node name="GrassForest" parent="." instance=ExtResource("7_658gi")]
transform = Transform3D(1, 0, 0, 0, 1, 0, 0, 0, 1, -0.4929402, 0, -0.86002797)

[node name="WallUnit6" parent="GrassForest" instance=ExtResource("11_04ji4")]
transform = Transform3D(0.48309904, 0, -0.8755657, 0, 1, 0, 0.8755657, 0, 0.48309904, -0.2630092, 0, -0.4401489)

[node name="WallUnit7" parent="GrassForest" instance=ExtResource("11_04ji4")]
transform = Transform3D(-0.48046073, 0, -0.7940992, 0, 1, 0, 0.8230342, 0, -0.46356943, 0.21479523, 0, -0.44951767)

[node name="WallUnit8" parent="GrassForest" instance=ExtResource("11_04ji4")]
transform = Transform3D(1, 0, 0, 0, 1, 0, 0, 0, 0.9263693, -0.5126349, 0, -0.03468436)

[node name="stone2" parent="." instance=ExtResource("9_7j7qi")]
transform = Transform3D(1, 0, 0, 0, 1, 0, 0, 0, 1, -0.49319118, 0, 0.8129177)

[node name="path-straight2" parent="stone2" instance=ExtResource("10_3rovh")]
transform = Transform3D(0.5870821, -0.018576229, 0.755939, -0.0019972504, 0.97166127, 0.020591425, -0.9775613, -0.013141276, 0.45394304, 0.02621007, 0.18016434, -0.051312923)

[node name="WallUnit" parent="stone2" instance=ExtResource("11_04ji4")]
transform = Transform3D(1, 0, 0, 0, 1, 0, 0, 0, 1, -0.4526345, 0, -0.011510134)

[node name="unit-tree2" parent="stone2" instance=ExtResource("34_e47it")]
transform = Transform3D(1, 0, 0, 0, 1, 0, 0, 0, 1, -0.059441984, 0.20489979, -0.38425896)

[node name="WallUnit2" parent="stone2" instance=ExtResource("11_04ji4")]
transform = Transform3D(0.4988206, 0, -0.86670536, 0, 1, 0, 0.86670536, 0, 0.4988206, 0.2533815, 0, 0.4200195)

[node name="WallUnit2" parent="." instance=ExtResource("11_04ji4")]
transform = Transform3D(0.3993572, 0, -0.9167954, 0, 1, 0, 0.9167954, 0, 0.3993572, -1.2053733, 0, 1.200276)

[node name="stone3" parent="." instance=ExtResource("9_7j7qi")]
transform = Transform3D(1, 0, 0, 0, 1, 0, 0, 0, 1, 0.48767573, 2.3841858e-07, 2.4952543)

[node name="WallUnit" parent="stone3" instance=ExtResource("11_04ji4")]
transform = Transform3D(0.5342343, 0, -0.84533644, 0, 1, 0, 0.84533644, 0, 0.5342343, -0.2466768, 0, -0.3800223)

[node name="WallUnit3" parent="stone3" instance=ExtResource("11_04ji4")]
transform = Transform3D(0.54439014, 0, 0.83883214, 0, 1, 0, -0.83883214, 0, 0.54439014, 0.23069614, -2.3841858e-07, -0.3910725)

[node name="WallUnit4" parent="stone3" instance=ExtResource("11_04ji4")]
transform = Transform3D(0.50830513, 0, -0.86117715, 0, 1, 0, 0.86117715, 0, 0.50830513, 0.27686524, 0, 0.4166355)

[node name="WallUnit2" parent="stone3" instance=ExtResource("11_04ji4")]
transform = Transform3D(-0.51322675, 0, -0.85825306, 0, 1, 0, 0.85825306, 0, -0.51322675, -0.2155968, 0, 0.42290115)

[node name="WallUnit3" parent="." instance=ExtResource("11_04ji4")]
transform = Transform3D(0.5218969, 0, -0.8030649, 0, 0.99999994, 0, 0.90922165, 0, 0.46096253, 1.6935002, 0, 1.2047975)

[node name="stone4" parent="." instance=ExtResource("9_7j7qi")]
transform = Transform3D(1, 0, 0, 0, 1, 0, 0, 0, 1, 1.4637419, 0, 0.7824658)

[node name="stone5" parent="." instance=ExtResource("9_7j7qi")]
transform = Transform3D(1, 0, 0, 0, 1, 0, 0, 0, 1, 2.927327, 0, 1.6597877)

[node name="WallUnit" parent="stone5" instance=ExtResource("11_04ji4")]
transform = Transform3D(1, 0, 0, 0, 1, 0, 0, 0, 1, 0.45797515, 0, -0.0052889585)

[node name="WallUnit2" parent="stone5" instance=ExtResource("11_04ji4")]
transform = Transform3D(0.5016315, 0, -0.8650814, 0, 1, 0, 0.8650814, 0, 0.5016315, 0.28762698, 0, 0.44086957)

[node name="WallUnit3" parent="stone5" instance=ExtResource("11_04ji4")]
transform = Transform3D(0.4895651, 0, -0.8719667, 0, 1, 0, 0.8719667, 0, 0.4895651, -0.26420426, 0, -0.47132397)

[node name="WallUnit4" parent="stone5" instance=ExtResource("11_04ji4")]
transform = Transform3D(0.5163988, 0, 0.8563483, 0, 1, 0, -0.8563483, 0, 0.5163988, 0.2212863, 0, -0.4673041)

[node name="WallUnit4" parent="." instance=ExtResource("11_04ji4")]
transform = Transform3D(0.4708114, 0, 0.7999691, 0, 1, 0, -0.83022815, 0, 0.4536519, 2.6531804, 0, -1.4427217)

[node name="grass4" parent="." instance=ExtResource("6_04ji4")]
transform = Transform3D(0.9999958, 1.2587958e-10, 0.0028797893, -1.2587958e-10, 1, -1.8237812e-13, -0.0028797893, -1.8237812e-13, 0.9999958, 2.4249785, 0, -0.9423463)

[node name="grass5" parent="." instance=ExtResource("6_04ji4")]
transform = Transform3D(0.99989176, 0, -0.014712594, 0, 1, 0, 0.014712594, 0, 0.99989176, 1.039938, 0, -1.7493174)

[node name="WallUnit5" parent="grass5" instance=ExtResource("11_04ji4")]
transform = Transform3D(0.99989176, 0, 0.014712594, 0, 1, 0, -0.014712594, 0, 0.99989176, -0.52613044, 0, 0.039115548)

[node name="WallUnit" parent="grass5" instance=ExtResource("11_04ji4")]
transform = Transform3D(0.5411066, 0, -0.84095436, 0, 1, 0, 0.84095436, 0, 0.5411066, -0.27896744, 0, -0.41499555)

[node name="grass6" parent="." instance=ExtResource("6_04ji4")]
transform = Transform3D(1, 0, 0, 0, 1, 0, 0, 0, 1, 2.4947202, 0, -2.6734047)

[node name="WallUnit" parent="grass6" instance=ExtResource("11_04ji4")]
transform = Transform3D(1, 0, 0, 0, 1, 0, 0, 0, 1, 0.45779562, 0, 0.0004479885)

[node name="WallUnit2" parent="grass6" instance=ExtResource("11_04ji4")]
transform = Transform3D(0.5070119, 0, 0.8619391, 0, 1, 0, -0.8619391, 0, 0.5070119, 0.25777268, 0, -0.40843916)

[node name="WallUnit3" parent="grass6" instance=ExtResource("11_04ji4")]
transform = Transform3D(1, 0, 0, 0, 1, 0, 0, 0, 1, -0.50829506, 0, 0.04290819)

[node name="grass7" parent="." instance=ExtResource("6_04ji4")]
transform = Transform3D(0.99982727, -7.184717e-10, 0.01858669, 7.186458e-10, 1, -2.6829999e-12, -0.01858669, 1.6042096e-11, 0.99982727, 1.4994857, 0, -2.62708)

[node name="WallUnit" parent="grass7" instance=ExtResource("11_04ji4")]
transform = Transform3D(0.5150829, 3.5078337e-10, 0.85714054, 3.4618394e-10, 1, -6.1728134e-10, -0.85714054, 6.146793e-10, 0.5150829, 0.25566185, -1.8487456e-10, -0.42649913)

[node name="WallUnit2" parent="grass7" instance=ExtResource("11_04ji4")]
transform = Transform3D(0.50283897, 3.5496345e-10, -0.8643802, 3.5960196e-10, 1, 6.198494e-10, 0.8643802, -6.2251726e-10, 0.50283897, -0.26142848, 1.8670443e-10, -0.43611693)

[node name="dirt2" parent="." instance=ExtResource("16_ec82s")]
transform = Transform3D(1, 0, 0, 0, 1, 0, 0, 0, 1, -0.4831764, 0.083348215, -2.61675)

[node name="WallUnit5" parent="dirt2" instance=ExtResource("11_04ji4")]
transform = Transform3D(0.49689817, 0, 0.8678088, 0, 1, 0, -0.8678088, 0, 0.49689817, -0.31446904, 5.9604645e-08, 0.44534707)

[node name="WallUnit" parent="dirt2" instance=ExtResource("11_04ji4")]
transform = Transform3D(0.50262773, 0, -0.86450297, 0, 1, 0, 0.86450297, 0, 0.50262773, -0.22186953, 0, -0.39702964)

[node name="WallUnit2" parent="dirt2" instance=ExtResource("11_04ji4")]
transform = Transform3D(0.52209675, 0, 0.85288626, 0, 1, 0, -0.85288626, 0, 0.52209675, 0.26484787, 0, -0.39415073)

[node name="grass8" parent="." instance=ExtResource("6_04ji4")]
transform = Transform3D(1, 0, 0, 0, 1, 0, 0, 0, 1, 1.9950076, 0, -3.5191598)

[node name="WallUnit" parent="grass8" instance=ExtResource("11_04ji4")]
transform = Transform3D(1, 0, 0, 0, 1, 0, 0, 0, 1, 0.5015162, 0, -0.006654024)

[node name="WallUnit2" parent="grass8" instance=ExtResource("11_04ji4")]
transform = Transform3D(0.5045879, 0, -0.8633603, 0, 1, 0, 0.8633603, 0, 0.5045879, -0.23892903, 0, -0.41563535)

[node name="grass9" parent="." instance=ExtResource("6_04ji4")]
transform = Transform3D(1, 0, 0, 0, 1, 0, 0, 0, 1, 2.520692, 0, -4.366998)

[node name="WallUnit" parent="grass9" instance=ExtResource("11_04ji4")]
transform = Transform3D(0.4991533, 0, -0.86651367, 0, 1, 0, 0.86651367, 0, 0.4991533, -0.21349382, 0, -0.42456102)

[node name="WallUnit2" parent="grass9" instance=ExtResource("11_04ji4")]
transform = Transform3D(1, 0, 0, 0, 1, 0, 0, 0, 1, -0.5143256, 0, -0.019408226)

[node name="WallUnit3" parent="grass9" instance=ExtResource("11_04ji4")]
transform = Transform3D(1, 0, 0, 0, 1, 0, 0, 0, 1, 0.51675177, 0, -0.021834373)

[node name="WallUnit4" parent="grass9" instance=ExtResource("11_04ji4")]
transform = Transform3D(0.4609124, 0, -0.8874456, 0, 1, 0, 0.8874456, 0, 0.4609124, 0.24745846, 0, 0.4148574)

[node name="grass10" parent="." instance=ExtResource("6_04ji4")]
transform = Transform3D(1, 0, 0, 0, 1, 0, 0, 0, 1, 0.9980333, 0, -3.47134)

[node name="WallUnit5" parent="grass10" instance=ExtResource("11_04ji4")]
transform = Transform3D(0.47610015, 0, -0.8793912, 0, 1, 0, 0.8793912, 0, 0.47610015, -0.23895907, 0, -0.4346056)

[node name="WallUnit" parent="grass10" instance=ExtResource("11_04ji4")]
transform = Transform3D(0.4943819, 0, 0.8692448, 0, 1, 0, -0.8692448, 0, 0.4943819, 0.2487762, 0, -0.47197723)

[node name="dirt3" parent="." instance=ExtResource("16_ec82s")]
transform = Transform3D(1, 0, 0, 0, 1, 0, 0, 0, 1, -0.99241126, 0.105143905, -3.4706712)

[node name="WallUnit5" parent="dirt3" instance=ExtResource("11_04ji4")]
transform = Transform3D(0.46643296, 0, 0.88455653, 0, 1, 0, -0.88455653, 0, 0.46643296, -0.22786844, 0, 0.46767592)

[node name="WallUnit" parent="dirt3" instance=ExtResource("11_04ji4")]
transform = Transform3D(0.4789983, 0, -0.87781584, 0, 1, 0, 0.87781584, 0, 0.4789983, -0.28784704, 0, -0.46182084)

[node name="WallUnit2" parent="dirt3" instance=ExtResource("11_04ji4")]
transform = Transform3D(0.44938138, 0, 0.89334, 0, 1, 0, -0.89334, 0, 0.44938138, 0.23091054, 0, -0.47763634)

[node name="grass11" parent="." instance=ExtResource("6_04ji4")]
transform = Transform3D(1, 0, 0, 0, 1, 0, 0, 0, 1, 3.0457537, 0, -5.184994)

[node name="WallUnit" parent="grass11" instance=ExtResource("11_04ji4")]
transform = Transform3D(1, 0, 0, 0, 1, 0, 0, 0, 1, -0.49522853, 0, -0.053474903)

[node name="WallUnit2" parent="grass11" instance=ExtResource("11_04ji4")]
transform = Transform3D(1, 0, 0, 0, 1, 0, 0, 0, 1, 0.5180404, 0, -0.029244423)

[node name="WallUnit3" parent="grass11" instance=ExtResource("11_04ji4")]
transform = Transform3D(0.46396098, 0, -0.8858557, 0, 1, 0, 0.8858557, 0, 0.46396098, 0.2569313, 0, 0.36764145)

[node name="WallUnit4" parent="grass11" instance=ExtResource("11_04ji4")]
transform = Transform3D(0.49606496, 0, -0.8682854, 0, 1, 0, 0.8682854, 0, 0.49606496, -0.24439812, 0, -0.48044014)

[node name="path-square2" parent="." instance=ExtResource("18_4v0d0")]
transform = Transform3D(0.58695185, 0, 0.8096219, 0, 1, 0, -0.8096219, 0, 0.58695185, 3.041628, 0.17500424, -5.206002)

[node name="sand2" parent="." instance=ExtResource("21_42fah")]
transform = Transform3D(1, 0, 0, 0, 1, 0, 0, 0, 1, -1.0305656, 0, -1.7244506)

[node name="sand3" parent="." instance=ExtResource("21_42fah")]
transform = Transform3D(1, 0, 0, 0, 1, 0, 0, 0, 1, -2.442846, 0, -0.8735142)

[node name="WallUnit5" parent="sand3" instance=ExtResource("11_04ji4")]
transform = Transform3D(0.60662687, 0, -0.7949867, 0, 1, 0, 0.7949867, 0, 0.60662687, -0.26596284, 0, -0.46196544)

[node name="WallUnit7" parent="sand3" instance=ExtResource("11_04ji4")]
transform = Transform3D(0.53684324, 0, 0.84368205, 0, 1, 0, -0.84368205, 0, 0.53684324, -0.27764845, 0, 0.40933678)

[node name="sand4" parent="." instance=ExtResource("21_42fah")]
transform = Transform3D(1, 0, 0, 0, 1, 0, 0, 0, 1, -3.9326282, 0, 0.00862904)

[node name="WallUnit" parent="sand4" instance=ExtResource("11_04ji4")]
transform = Transform3D(1, 0, 0, 0, 1, 0, 0, 0, 1, -0.48104882, 0, -0.011363357)

[node name="WallUnit2" parent="sand4" instance=ExtResource("11_04ji4")]
transform = Transform3D(0.5002569, 0, -0.86587703, 0, 1, 0, 0.86587703, 0, 0.5002569, -0.24030876, 0, -0.44814357)

[node name="WallUnit3" parent="sand4" instance=ExtResource("11_04ji4")]
transform = Transform3D(0.4749178, 0, 0.88003016, 0, 1, 0, -0.88003016, 0, 0.4749178, -0.25783443, 0, 0.41497383)

[node name="river-start2" parent="." instance=ExtResource("22_polkm")]
transform = Transform3D(1, 0, 0, 0, 1, 0, 0, 0, 1, 1.9430692, 0, 3.4204998)

[node name="WallUnit" parent="river-start2" instance=ExtResource("11_04ji4")]
transform = Transform3D(1, 0, 0, 0, 1, 0, 0, 0, 1, 0.50393414, 0, -0.03860593)

[node name="WallUnit5" parent="river-start2" instance=ExtResource("11_04ji4")]
transform = Transform3D(0.49633777, 0, -0.86812955, 0, 1, 0, 0.86812955, 0, 0.49633777, 0.25694537, 0, 0.3959942)

[node name="WallUnit6" parent="river-start2" instance=ExtResource("11_04ji4")]
transform = Transform3D(0.49190697, 0, 0.8706478, 0, 1, 0, -0.8706478, 0, 0.49190697, -0.24241924, 0, 0.42063427)

[node name="river-straight2" parent="." instance=ExtResource("23_cl30i")]
transform = Transform3D(0.99814016, 0, -0.060961436, 0, 1, 0, 0.060961436, 0, 0.99814016, 0.96562266, 0, 3.3905802)

[node name="WallUnit" parent="river-straight2" instance=ExtResource("11_04ji4")]
transform = Transform3D(0.50929654, 0, 0.8605906, 0, 1, 0, -0.8605906, 0, 0.50929654, -0.1888637, 0, 0.47552824)

[node name="WallUnit2" parent="river-straight2" instance=ExtResource("11_04ji4")]
transform = Transform3D(0.47968754, 0, -0.87743926, 0, 1, 0, 0.87743926, 0, 0.47968754, 0.23445559, 0, 0.428864)

[node name="river-intersectionC2" parent="." instance=ExtResource("25_74wjb")]
transform = Transform3D(-0.99984187, 0, -0.017784048, 0, 1, 0, 0.017784048, 0, -0.99984187, -0.97967196, -1.1920929e-07, 3.3678963)

[node name="WallUnit5" parent="river-intersectionC2" instance=ExtResource("11_04ji4")]
transform = Transform3D(0.49154225, 0, -0.87085414, 0, 1, 0, 0.87085414, 0, 0.49154225, -0.21509433, 0, -0.47438598)

[node name="WallUnit" parent="river-intersectionC2" instance=ExtResource("11_04ji4")]
transform = Transform3D(0.508681, 0, 0.86095524, 0, 1, 0, -0.86095524, 0, 0.508681, 0.25694752, 0, -0.46697783)

[node name="river-corner2" parent="." instance=ExtResource("27_jihd0")]
transform = Transform3D(-0.51795226, 0, 0.8554094, 0, 1, 0, -0.8554094, 0, -0.51795226, -1.4936268, 0, 2.5134923)

[node name="WallUnit" parent="river-corner2" instance=ExtResource("11_04ji4")]
transform = Transform3D(1, 0, 0, 0, 1, 0, 0, 0, 1, 0.49876255, 0, 0.0524292)

[node name="river-corner3" parent="." instance=ExtResource("27_jihd0")]
transform = Transform3D(0.50054413, 0, -0.865711, 0, 1, 0, 0.865711, 0, 0.50054413, -2.4752512, 0, 2.5258117)

[node name="WallUnit5" parent="river-corner3" instance=ExtResource("11_04ji4")]
transform = Transform3D(0.5005442, 0, 0.8657111, 0, 1, 0, -0.8657111, 0, 0.5005442, -0.25149667, 0, 0.42230344)

[node name="WallUnit6" parent="river-corner3" instance=ExtResource("11_04ji4")]
transform = Transform3D(-0.48441306, 0, 0.8748399, 0, 1, 0, -0.8748399, 0, -0.48441306, 0.25906324, 0, 0.4436412)

[node name="WallUnit7" parent="river-corner3" instance=ExtResource("11_04ji4")]
transform = Transform3D(0.5081098, 0, -0.8612925, 0, 1, 0, 0.8612925, 0, 0.5081098, -0.26730466, 0, -0.45806742)

[node name="WallUnit5" parent="." instance=ExtResource("11_04ji4")]
transform = Transform3D(1, 0, 0, 0, 1, 0, 0, 0, 1, -1.9757464, 0, 0.771924)

[node name="water2" parent="." instance=ExtResource("29_e5bkv")]
transform = Transform3D(1, 0, 0, 0, 1, 0, 0, 0, 1, -1.4898293, 0, 0.79377806)

[node name="river-corner-sharp2" parent="." instance=ExtResource("30_dy08q")]
transform = Transform3D(-0.99997306, 0, 0.0073302984, 0, 1, 0, -0.0073302984, 0, -0.99997306, -2.9682436, 0, 1.6626475)

[node name="WallUnit6" parent="river-corner-sharp2" instance=ExtResource("11_04ji4")]
transform = Transform3D(-0.99997354, 0, -0.007330302, 0, 1, 0, 0.007330302, 0, -0.99997354, 0.53396416, 0, 0.010648131)

[node name="WallUnit7" parent="river-corner-sharp2" instance=ExtResource("11_04ji4")]
transform = Transform3D(-0.50704235, 0, -0.86192185, 0, 1, 0, 0.86192185, 0, -0.50704235, 0.25666952, 0, -0.41164637)

[node name="WallUnit8" parent="river-corner-sharp2" instance=ExtResource("11_04ji4")]
transform = Transform3D(-0.52007115, 0, 0.85412365, 0, 1, 0, -0.85412365, 0, -0.52007115, 0.2837038, 0, 0.45985925)

[node name="WallUnit9" parent="river-corner-sharp2" instance=ExtResource("11_04ji4")]
transform = Transform3D(-0.5270746, 0, -0.8498195, 0, 1, 0, 0.8498195, 0, -0.5270746, -0.21754694, 0, 0.45183313)

[node name="river-corner4" parent="." instance=ExtResource("27_jihd0")]
transform = Transform3D(1, 0, 0, 0, 1, 0, 0, 0, 1, -1.9736972, 0, 1.6661136)

[node name="grass12" parent="." instance=ExtResource("6_04ji4")]
transform = Transform3D(1, 0, 0, 0, 1, 0, 0, 0, 1, -2.443619, 0, 0.8563324)

[node name="grass13" parent="." instance=ExtResource("6_04ji4")]
transform = Transform3D(1, 0, 0, 0, 1, 0, 0, 0, 1, -3.4218018, 0, 0.842213)

[node name="WallUnit6" parent="grass13" instance=ExtResource("11_04ji4")]
transform = Transform3D(0.5011935, 0, 0.86533517, 0, 1, 0, -0.86533517, 0, 0.5011935, -0.31839108, 0, 0.38303298)

[node name="WallUnit7" parent="grass13" instance=ExtResource("11_04ji4")]
transform = Transform3D(1, 0, 0, 0, 1, 0, 0, 0, 1, -0.5169165, 0, 0.014545798)

[node name="grass14" parent="." instance=ExtResource("33_74wjb")]
transform = Transform3D(1, 0, 0, 0, 1, 0, 0, 0, 1, 0.49820817, 0, -0.8365923)

[node name="WallUnit6" parent="grass14" instance=ExtResource("11_04ji4")]
transform = Transform3D(0.48412254, 0, -0.8750002, 0, 1, 0, 0.8750002, 0, 0.48412254, -0.27351618, 0, -0.47129667)

[node name="WallUnit" parent="grass14" instance=ExtResource("11_04ji4")]
transform = Transform3D(1, 0, 0, 0, 1, 0, 0, 0, 1, 0.5187199, 0, -0.011015594)

[node name="path-corner-sharp3" parent="grass14" instance=ExtResource("8_04ji4")]
transform = Transform3D(-0.39874297, 0, 0.9790977, 0, 1, 0, -0.8415157, 0, -0.49617094, 0.0044864416, 0.17678934, 0.042584956)

[node name="unit-tree3" parent="grass14" instance=ExtResource("34_e47it")]
transform = Transform3D(1, 0, 0, 0, 1, 0, 0, 0, 1, -0.4263367, 0.2000001, 0.04544574)

[node name="unit-tree4" parent="grass14" instance=ExtResource("34_e47it")]
transform = Transform3D(1, 0, 0, 0, 1, 0, 0, 0, 1, -0.2111212, 0.19995117, -0.24835682)

[node name="unit-tree5" parent="grass14" instance=ExtResource("34_e47it")]
transform = Transform3D(1, 0, 0, 0, 1, 0, 0, 0, 1, 0.15335858, 0.19995117, -0.30626476)

[node name="unit-tree6" parent="grass14" instance=ExtResource("34_e47it")]
transform = Transform3D(1, 0, 0, 0, 1, 0, 0, 0, 1, 0.350927, 0.19995117, 0.088872075)

[node name="building-house3" parent="." instance=ExtResource("34_jihd0")]
transform = Transform3D(0.48309904, 0, -0.87556577, 0, 1, 0, 0.87556577, 0, 0.48309904, 0.9878558, 0, -0.029986925)

[node name="WallUnit" parent="building-house3" instance=ExtResource("11_04ji4")]
transform = Transform3D(0.39624876, 0, 0.7688039, 0, 0.864912, 0, -0.7688039, 0, 0.39624876, 0.22215712, 0.1355311, -0.4407311)

[node name="WallUnit6" parent="building-house3" instance=ExtResource("11_04ji4")]
transform = Transform3D(0.9999991, 2.026246e-10, -0.0012917221, -2.0210303e-10, 1, 4.0218975e-10, 0.0012917221, -4.019272e-10, 0.9999991, 0.4550082, 0, -0.023512661)

[node name="WallUnit2" parent="building-house3" instance=ExtResource("11_04ji4")]
transform = Transform3D(0.5096339, 0, -0.7058941, 0, 1, 0, 0.7667413, 0, 0.46919018, -0.24444866, 0, -0.41281372)

[node name="grass-hill3" parent="." instance=ExtResource("35_jihd0")]
transform = Transform3D(1, 0, 0, 0, 1, 0, 0, 0, 1, -0.97788167, 0, -0.047092363)

[node name="WallUnit6" parent="grass-hill3" instance=ExtResource("11_04ji4")]
transform = Transform3D(1, 0, 0, 0, 1, 0, 0, 0, 1, -0.500479, 0, -0.016416878)

[node name="WallUnit" parent="grass-hill3" instance=ExtResource("11_04ji4")]
transform = Transform3D(0.5107431, 0, -0.80980206, 0, 0.9999999, 0, 0.8964819, 0, 0.46135986, -0.266176, 0, -0.44138336)

[node name="WallUnit2" parent="grass-hill3" instance=ExtResource("11_04ji4")]
transform = Transform3D(0.43518394, 0, 0.9003416, 0, 1, 0, -0.9003416, 0, 0.43518394, -0.2332269, 0, 0.42624223)

[node name="unit-tree3" parent="." instance=ExtResource("34_e47it")]
transform = Transform3D(1, 0, 0, 0, 1, 0, 0, 0, 1, -0.77034116, 0.17467892, 0.7020597)

[node name="unit-tree4" parent="." instance=ExtResource("34_e47it")]
transform = Transform3D(1, 0, 0, 0, 1, 0, 0, 0, 1, -0.42859006, 0.19460699, 1.1045665)

[node name="unit-tree5" parent="." instance=ExtResource("34_e47it")]
transform = Transform3D(1, 0, 0, 0, 1, 0, 0, 0, 1, -0.132406, 0.19450237, 0.5982686)

[node name="unit-tree6" parent="." instance=ExtResource("34_e47it")]
transform = Transform3D(1, 0, 0, 0, 1, 0, 0, 0, 1, -0.17037821, 0.19656691, 0.9222992)

[node name="stone-rocks7" parent="." instance=ExtResource("36_x5xv4")]
transform = Transform3D(0.49053878, 0, -0.87141937, 0, 1, 0, 0.87141937, 0, 0.49053878, 0.5032065, 0, 0.8196713)

[node name="WallUnit6" parent="." instance=ExtResource("11_04ji4")]
transform = Transform3D(1, 0, 0, 0, 1, 0, 0, 0, 1, 0.9726954, 0.0011571646, 0.7990844)

[node name="WallUnit7" parent="." instance=ExtResource("11_04ji4")]
transform = Transform3D(0.5204583, 0, 0.8538871, 0, 1, 0, -0.8538871, 0, 0.5204583, 0.25698084, 0.005748838, 1.2443156)

[node name="WallUnit8" parent="." instance=ExtResource("11_04ji4")]
transform = Transform3D(0.55439425, 0, -0.83225423, 0, 1, 0, 0.83225423, 0, 0.55439425, 0.7195184, 0, 1.2532406)

[node name="unit-tree2" parent="." instance=ExtResource("34_e47it")]
transform = Transform3D(1, 0, 0, 0, 1, 0, 0, 0, 1, 0.755319, 0.19995117, 1.0679008)

[node name="unit-tree7" parent="." instance=ExtResource("34_e47it")]
transform = Transform3D(0.83669215, 0, 0, 0, 1, 0, 0, 0, 0.79080427, 0.56195533, 0.19995117, 1.0875242)

[node name="unit-tree8" parent="." instance=ExtResource("34_e47it")]
transform = Transform3D(1, 0, 0, 0, 1, 0, 0, 0, 1, 0.29044062, 0.19995117, 0.5094127)

[node name="WallUnit9" parent="." instance=ExtResource("11_04ji4")]
transform = Transform3D(1, 0, 0, 0, 1, 0, 0, 0, 1, 1.4527441, 0, 1.6281852)

[node name="stone-rocks2" parent="." instance=ExtResource("36_x5xv4")]
transform = Transform3D(1, 0, 0, 0, 1, 0, 0, 0, 1, 0.99123263, 0, 1.6644436)

[node name="unit-tree9" parent="." instance=ExtResource("34_e47it")]
transform = Transform3D(1, 0, 0, 0, 1, 0, 0, 0, 1, 0.64040965, 0.1998291, 1.6469684)

[node name="unit-tree10" parent="." instance=ExtResource("34_e47it")]
transform = Transform3D(1, 0, 0, 0, 1, 0, 0, 0, 1, 0.97618777, 0.3897414, 1.9021916)

[node name="unit-tree11" parent="." instance=ExtResource("34_e47it")]
transform = Transform3D(1, 0, 0, 0, 1, 0, 0, 0, 1, 0.99997705, 0.40600586, 1.3922547)

[node name="WallUnit10" parent="." instance=ExtResource("11_04ji4")]
transform = Transform3D(0.5522571, 0, 0.83367383, 0, 1, 0, -0.83367383, 0, 0.5522571, -1.2297895, 0, 2.0590942)

[node name="WallUnit11" parent="." instance=ExtResource("11_04ji4")]
transform = Transform3D(0.9999926, 0, 0.0038397312, 0, 1, 0, -0.0038397312, 0, 0.9999926, -1.4659927, 0, 1.59573)

[node name="WallUnit12" parent="." instance=ExtResource("11_04ji4")]
transform = Transform3D(0.99998444, 0, -0.0055501163, 0, 1, 0, 0.0055501163, 0, 0.99998444, -0.5024374, 0, 1.6717361)

[node name="stone-rocks3" parent="." instance=ExtResource("36_x5xv4")]
transform = Transform3D(0.49990928, 0, 0.8660778, 0, 1, 0, -0.8660778, 0, 0.49990928, -0.9424485, 0, 1.6155642)

[node name="unit-tree12" parent="." instance=ExtResource("34_e47it")]
transform = Transform3D(1, 0, 0, 0, 1, 0, 0, 0, 1, -1.1631035, 0.4058838, 1.431749)

[node name="unit-tree13" parent="." instance=ExtResource("34_e47it")]
transform = Transform3D(1, 0, 0, 0, 1, 0, 0, 0, 1, -0.6481045, 0.19995117, 1.9803414)

[node name="WallUnit13" parent="." instance=ExtResource("11_04ji4")]
transform = Transform3D(1, 0, 0, 0, 1, 0, 0, 0, 1, -0.9805454, 0, 2.5095828)

[node name="WallUnit14" parent="." instance=ExtResource("11_04ji4")]
transform = Transform3D(0.439469, 0, 0.89825773, 0, 1, 0, -0.89825773, 0, 0.439469, -0.7347003, 0, 2.9164345)

[node name="WallUnit15" parent="." instance=ExtResource("11_04ji4")]
transform = Transform3D(0.54513663, 0, 0.83834726, 0, 1, 0, -0.83834726, 0, 0.54513663, -0.260235, 0, 2.1170967)

[node name="WallUnit16" parent="." instance=ExtResource("11_04ji4")]
transform = Transform3D(0.52713376, 0, -0.8497823, 0, 1, 0, 0.8497823, 0, 0.52713376, -0.22418028, 0, 2.8957417)

[node name="stone-hill2" parent="." instance=ExtResource("37_e5bkv")]
transform = Transform3D(1, 0, 0, 0, 1, 0, 0, 0, 1, -0.46600044, 0, 2.4749992)

[node name="unit-tree14" parent="." instance=ExtResource("34_e47it")]
transform = Transform3D(1, 0, 0, 0, 1, 0, 0, 0, 1, -0.52340794, 0.40996146, 2.249297)

[node name="unit-tree15" parent="." instance=ExtResource("34_e47it")]
transform = Transform3D(1, 0, 0, 0, 1, 0, 0, 0, 1, -0.4657731, 0.6431885, 2.4798222)

[node name="unit-tree16" parent="." instance=ExtResource("34_e47it")]
transform = Transform3D(0.9991518, -0.04116827, 0.0009011704, 0.041178126, 0.99891263, -0.021866126, 0, 0.021884687, 0.9997606, -0.16969244, 0.2800029, 2.398021)

[node name="unit-tree17" parent="." instance=ExtResource("34_e47it")]
transform = Transform3D(1, 0, 0, 0, 1, 0, 0, 0, 1, 0.22597891, 0.19234878, 2.3379016)

[node name="unit-tree18" parent="." instance=ExtResource("34_e47it")]
transform = Transform3D(1.1226534, 0, 0, 0, 1, 0, 0, 0, 1.1839801, 0.38653702, 0.18731472, 2.7436876)

[node name="unit-tree19" parent="." instance=ExtResource("34_e47it")]
transform = Transform3D(1, 0, 0, 0, 1, 0, 0, 0, 1, 0.72734267, 0.17655575, 2.464414)

[node name="unit-tree20" parent="." instance=ExtResource("34_e47it")]
transform = Transform3D(1, 0, 0, 0, 1, 0, 0, 0, 1, 0.68517214, 0.19898689, 2.740867)

[node name="WallUnit17" parent="." instance=ExtResource("11_04ji4")]
transform = Transform3D(0.56023425, 0, -0.8283342, 0, 1, 0, 0.8283342, 0, 0.56023425, 1.2091916, 0, 2.0895708)

[node name="WallUnit18" parent="." instance=ExtResource("11_04ji4")]
transform = Transform3D(0.5480136, 0, 0.7784723, 0, 1, 0, -0.78734416, 0, 0.54183865, 1.239594, 0, 2.9248204)

[node name="WallUnit19" parent="." instance=ExtResource("11_04ji4")]
transform = Transform3D(0.5007404, 0, -0.8655976, 0, 1, 0, 0.8655976, 0, 0.5007404, 1.7065201, 0, 2.936511)

[node name="WallUnit20" parent="." instance=ExtResource("11_04ji4")]
transform = Transform3D(0.5826905, 0, 0.8126942, 0, 1, 0, -0.8126942, 0, 0.5826905, 1.6957306, 0, 2.0805447)

[node name="stone-rocks4" parent="." instance=ExtResource("36_x5xv4")]
transform = Transform3D(1, 0, 0, 0, 1, 0, 0, 0, 1, 1.4708416, 0, 2.5449648)

[node name="unit-tree21" parent="." instance=ExtResource("34_e47it")]
transform = Transform3D(1, 0, 0, 0, 1, 0, 0, 0, 1, 1.450208, 0.39108592, 2.7917483)

[node name="WallUnit21" parent="." instance=ExtResource("11_04ji4")]
transform = Transform3D(0.51853454, 0, 0.8550567, 0, 1, 0, -0.8550567, 0, 0.51853454, 2.2010257, 0, 2.9433796)

[node name="WallUnit22" parent="." instance=ExtResource("11_04ji4")]
transform = Transform3D(1, 0, 0, 0, 1, 0, 0, 0, 1, 2.9616644, 0, 2.5409913)

[node name="WallUnit23" parent="." instance=ExtResource("11_04ji4")]
transform = Transform3D(0.46340427, 0, -0.88614696, 0, 1, 0, 0.88614696, 0, 0.46340427, 2.7115273, 0, 2.9597564)

[node name="WallUnit24" parent="." instance=ExtResource("11_04ji4")]
transform = Transform3D(0.4619808, 0, -0.88688993, 0, 1, 0, 0.88688993, 0, 0.4619808, 2.2078288, 0, 2.1080582)

[node name="stone-hill3" parent="." instance=ExtResource("37_e5bkv")]
transform = Transform3D(1, 0, 0, 0, 1, 0, 0, 0, 1, 2.4590902, 0, 2.5300853)

[node name="unit-tree22" parent="." instance=ExtResource("34_e47it")]
transform = Transform3D(1, 0, 0, 0, 1, 0, 0, 0, 1, 2.1514077, 0.24182129, 2.351497)

[node name="unit-tree23" parent="." instance=ExtResource("34_e47it")]
transform = Transform3D(1, 0, 0, 0, 1, 0, 0, 0, 1, 2.6901002, 0.28278404, 2.2754805)

[node name="unit-tree24" parent="." instance=ExtResource("34_e47it")]
transform = Transform3D(1, 0, 0, 0, 1, 0, 0, 0, 1, 2.8270783, 0.20238045, 1.3139431)

[node name="unit-tree26" parent="." instance=ExtResource("34_e47it")]
transform = Transform3D(1, 0, 0, 0, 1, 0, 0, 0, 1, 3.118977, 0.17554373, 1.6761138)

[node name="unit-tree27" parent="." instance=ExtResource("34_e47it")]
transform = Transform3D(1, 0, 0, 0, 1, 0, 0, 0, 1, 2.712521, 0.2006079, 1.8429805)

[node name="stone-rocks5" parent="." instance=ExtResource("36_x5xv4")]
transform = Transform3D(1, 0, 0, 0, 1, 0, 0, 0, 1, 1.9776549, 0, 1.6526171)

[node name="unit-tree25" parent="." instance=ExtResource("34_e47it")]
transform = Transform3D(1, 0, 0, 0, 1, 0, 0, 0, 1, 1.6289973, 0.19995117, 1.6904565)

[node name="stone-mountain2" parent="." instance=ExtResource("35_x5xv4")]
transform = Transform3D(1, 0, 0, 0, 1, 0, 0, 0, 1, 0.007333994, 0, 1.6742401)

[node name="WallUnit25" parent="." instance=ExtResource("11_04ji4")]
transform = Transform3D(1, 0, 0, 0, 1, 0, 0, 0, 1, 2.8918302, 0, 0.7671434)

[node name="WallUnit26" parent="." instance=ExtResource("11_04ji4")]
transform = Transform3D(1, 0, 0, 0, 1, 0, 0, 0, 1, 3.838564, 0, 0.72450566)

[node name="WallUnit27" parent="." instance=ExtResource("11_04ji4")]
transform = Transform3D(0.45293272, 0, -0.8915447, 0, 1, 0, 0.8915447, 0, 0.45293272, 3.6069067, 0, 1.187592)

[node name="stone-mountain3" parent="." instance=ExtResource("35_x5xv4")]
transform = Transform3D(1, 0, 0, 0, 1, 0, 0, 0, 1, 3.3638844, 0, 0.7439221)

[node name="unit-tree28" parent="." instance=ExtResource("34_e47it")]
transform = Transform3D(1, 0, 0, 0, 1, 0, 0, 0, 1, 3.6080837, 0.7011719, 0.9187701)

[node name="unit-tree29" parent="." instance=ExtResource("34_e47it")]
transform = Transform3D(1, 0, 0, 0, 1, 0, 0, 0, 1, 3.2928967, 0.6209717, 0.48352963)

[node name="WallUnit28" parent="." instance=ExtResource("11_04ji4")]
transform = Transform3D(0.46157834, 0, -0.88709944, 0, 1, 0, 0.88709944, 0, 0.46157834, 3.1556575, 0, 0.33158213)

[node name="stone-hill4" parent="." instance=ExtResource("37_e5bkv")]
transform = Transform3D(1, 0, 0, 0, 1, 0, 0, 0, 1, 2.4029157, 0, 0.7521994)

[node name="WallUnit29" parent="." instance=ExtResource("11_04ji4")]
transform = Transform3D(1, 0, 0, 0, 1, 0, 0, 0, 1, 1.9127504, 0, 0.7764984)

[node name="unit-tree30" parent="." instance=ExtResource("34_e47it")]
transform = Transform3D(1, 0, 0, 0, 1, 0, 0, 0, 1, 1.4912728, 0.19550014, 1.0669476)

[node name="unit-tree31" parent="." instance=ExtResource("34_e47it")]
transform = Transform3D(1, 0, 0, 0, 1, 0, 0, 0, 1, 1.4241023, 0.16207635, 0.46533474)

[node name="unit-tree32" parent="." instance=ExtResource("34_e47it")]
transform = Transform3D(1, 0, 0, 0, 1, 0, 0, 0, 1, 1.1992277, 0.17835253, 0.66100496)

[node name="unit-tree33" parent="." instance=ExtResource("34_e47it")]
transform = Transform3D(1, 0, 0, 0, 1, 0, 0, 0, 1, 1.713227, 0.20108771, 0.804107)

[node name="WallUnit30" parent="." instance=ExtResource("11_04ji4")]
transform = Transform3D(1, 0, 0, 0, 1, 0, 0, 0, 1, 4.320012, 0, -0.13940807)

[node name="WallUnit31" parent="." instance=ExtResource("11_04ji4")]
transform = Transform3D(0.5115631, 0, -0.85924584, 0, 1, 0, 0.85924584, 0, 0.5115631, 4.080901, 0, 0.2868994)

[node name="WallUnit32" parent="." instance=ExtResource("11_04ji4")]
transform = Transform3D(0.49677703, 0, -0.8678782, 0, 1, 0, 0.8678782, 0, 0.49677703, 3.6523201, 0, -0.60691726)

[node name="WallUnit33" parent="." instance=ExtResource("11_04ji4")]
transform = Transform3D(0.5405046, 0, 0.841341, 0, 1, 0, -0.841341, 0, 0.5405046, 4.104807, 0, -0.6069172)

[node name="grass-hill2" parent="." instance=ExtResource("33_e47it")]
transform = Transform3D(1, 0, 0, 0, 1, 0, 0, 0, 1, 3.873692, 0, -0.116453685)

[node name="WallUnit34" parent="." instance=ExtResource("11_04ji4")]
transform = Transform3D(0.5467597, 0, -0.8372896, 0, 1, 0, 0.8372896, 0, 0.5467597, 1.725506, 0, -0.4679579)

[node name="GrassForest2" parent="." instance=ExtResource("7_658gi")]
transform = Transform3D(1, 0, 0, 0, 1, 0, 0, 0, 1, 1.9557161, 0, -0.058535617)

[node name="WallUnit35" parent="." instance=ExtResource("11_04ji4")]
transform = Transform3D(0.4828546, -4.7201927e-09, 0.87570053, 1.5596461e-08, 1, -3.2095815e-09, -0.87570053, 1.5207588e-08, 0.4828546, 3.134256, -3.0895425e-15, -0.5981002)

[node name="WallUnit36" parent="." instance=ExtResource("11_04ji4")]
transform = Transform3D(0.99996835, -1.5621511e-08, -0.00795871, 1.559646e-08, 1, -3.2095813e-09, 0.00795871, 3.085351e-09, 0.99996835, 2.3779135, -1.110223e-15, -0.10990015)

[node name="WallUnit37" parent="." instance=ExtResource("11_04ji4")]
transform = Transform3D(-0.5707995, 7.877087e-09, 0.8210895, 1.3380845e-08, 1, -2.9146052e-10, -0.8210895, 1.0820501e-08, -0.5707995, 2.626585, 4.440892e-16, -0.57929766)

[node name="building-mine2" parent="." instance=ExtResource("34_x5xv4")]
transform = Transform3D(0.49827594, 0, 0.8670185, 0, 1, 0, -0.8670185, 0, 0.49827594, 2.8851168, 0, -0.11306678)

[node name="WallUnit38" parent="." instance=ExtResource("11_04ji4")]
transform = Transform3D(1, 0, 0, 0, 1, 0, 0, 0, 1, 3.8877583, 0, -1.0157771)

[node name="WallUnit39" parent="." instance=ExtResource("11_04ji4")]
transform = Transform3D(1, 0, 0, 0, 1, 0, 0, 0, 1, 2.880405, 0, -1.0157771)

[node name="WallUnit40" parent="." instance=ExtResource("11_04ji4")]
transform = Transform3D(0.5125525, 0, 0.8586559, 0, 1, 0, -0.8586559, 0, 0.5125525, 3.6687682, 0, -1.4301734)

[node name="grass-hill4" parent="." instance=ExtResource("33_e47it")]
transform = Transform3D(1, 0, 0, 0, 1, 0, 0, 0, 1, 3.4049191, 0, -0.9795497)

[node name="WallUnit41" parent="." instance=ExtResource("11_04ji4")]
transform = Transform3D(0.9992243, 0, 0.039381895, 0, 1, 0, -0.039381895, 0, 0.9992243, 1.9508911, 0, -0.92000216)

[node name="WallUnit42" parent="." instance=ExtResource("11_04ji4")]
transform = Transform3D(0.49420244, -3.143152e-10, 0.74422073, 1.5445294e-10, 1, 2.3445162e-10, -0.7812979, -1.1307431e-12, 0.47074962, 1.7416294, 0, -1.3517629)

[node name="GrassForest3" parent="." instance=ExtResource("7_658gi")]
transform = Transform3D(1, 0, 0, 0, 1, 0, 0, 0, 1, 1.5106071, 0, -0.8995594)

[node name="WallUnit43" parent="." instance=ExtResource("11_04ji4")]
transform = Transform3D(1, 0, 0, 0, 1, 0, 0, 0, 1, 3.4129534, 0, -1.8569036)

[node name="WallUnit44" parent="." instance=ExtResource("11_04ji4")]
transform = Transform3D(0.46125314, 0, 0.8872686, 0, 1, 0, -0.8872686, 0, 0.46125314, 3.2023687, 0, -2.2595549)

[node name="GrassForest4" parent="." instance=ExtResource("7_658gi")]
transform = Transform3D(1, 0, 0, 0, 1, 0, 0, 0, 1, 2.937421, 0, -1.8366524)

[node name="WallUnit45" parent="." instance=ExtResource("11_04ji4")]
transform = Transform3D(1, 0, 0, 0, 1, 0, 0, 0, 0.92267954, 2.432348, 0, -1.8435477)

[node name="WallUnit46" parent="." instance=ExtResource("11_04ji4")]
transform = Transform3D(0.5326991, 0, -0.8463047, 0, 1, 0, 0.8463047, 0, 0.5326991, 1.7452699, 0, -2.195756)

[node name="WallUnit47" parent="." instance=ExtResource("11_04ji4")]
transform = Transform3D(0.4826745, 0, 0.8136003, 0, 1, 0, -0.8357136, 0, 0.46990272, 2.2255683, 0, -2.2161944)

[node name="GrassForest5" parent="." instance=ExtResource("7_658gi")]
transform = Transform3D(1, 0, 0, 0, 1, 0, 0, 0, 1, 1.9724965, 0, -1.7658861)

[node name="WallUnit48" parent="." instance=ExtResource("11_04ji4")]
transform = Transform3D(0.5137659, 0, -0.8579304, 0, 1, 0, 0.8579304, 0, 0.5137659, 0.26214138, 0, -3.0344214)

[node name="WallUnit49" parent="." instance=ExtResource("11_04ji4")]
transform = Transform3D(0.52857167, 0, 0.84888864, 0, 1, 0, -0.84888864, 0, 0.52857167, 0.7363222, 0, -3.0394876)

[node name="grass-hill5" parent="." instance=ExtResource("33_e47it")]
transform = Transform3D(1, 0, 0, 0, 1, 0, 0, 0, 1, 0.50857365, 0, -2.597278)

